PassengerId,Survived
2,1.0
4,1.0
7,0.0
11,1.0
12,1.0
22,1.0
24,1.0
28,0.0
32,1.0
53,1.0
55,0.0
56,1.0
62,1.0
63,0.0
67,1.0
76,0.0
89,1.0
93,0.0
97,0.0
98,1.0
103,0.0
111,0.0
119,0.0
124,1.0
125,0.0
129,1.0
137,1.0
138,0.0
140,0.0
149,0.0
152,1.0
167,1.0
171,0.0
175,0.0
178,0.0
184,1.0
186,0.0
194,1.0
195,1.0
196,1.0
206,0.0
210,1.0
216,1.0
219,1.0
225,1.0
231,1.0
246,0.0
249,1.0
252,0.0
253,0.0
258,1.0
263,0.0
264,0.0
269,1.0
270,1.0
274,0.0
276,1.0
285,0.0
292,1.0
293,0.0
298,0.0
299,1.0
300,1.0
304,1.0
306,1.0
308,1.0
310,1.0
311,1.0
312,1.0
319,1.0
320,1.0
326,1.0
328,1.0
330,1.0
332,0.0
333,0.0
337,0.0
338,1.0
340,0.0
341,1.0
342,1.0
346,1.0
352,0.0
357,1.0
367,1.0
370,1.0
371,1.0
378,0.0
391,1.0
394,1.0
395,1.0
413,1.0
430,1.0
431,1.0
435,0.0
436,1.0
439,0.0
446,1.0
450,1.0
453,0.0
454,1.0
457,0.0
458,1.0
461,1.0
463,0.0
474,1.0
476,0.0
485,1.0
487,1.0
488,0.0
493,0.0
497,1.0
499,0.0
505,1.0
506,0.0
513,1.0
516,0.0
517,1.0
521,1.0
524,1.0
528,0.0
537,0.0
540,1.0
541,1.0
545,0.0
551,1.0
557,1.0
559,1.0
572,1.0
573,1.0
578,1.0
582,1.0
584,0.0
586,1.0
588,1.0
592,1.0
600,1.0
610,1.0
619,1.0
622,1.0
626,0.0
628,1.0
631,1.0
633,1.0
642,1.0
646,1.0
648,1.0
660,0.0
663,0.0
670,1.0
672,0.0
680,1.0
682,1.0
690,1.0
691,1.0
699,0.0
700,0.0
701,1.0
702,1.0
708,1.0
711,1.0
712,0.0
713,1.0
716,0.0
717,1.0
718,1.0
725,1.0
731,1.0
738,1.0
741,1.0
742,0.0
743,1.0
746,0.0
749,0.0
752,1.0
760,1.0
764,1.0
766,1.0
773,0.0
777,0.0
780,1.0
782,1.0
783,0.0
790,0.0
797,1.0
803,1.0
807,0.0
810,1.0
816,0.0
821,1.0
824,1.0
830,1.0
836,1.0
840,1.0
850,1.0
854,1.0
858,1.0
863,1.0
868,0.0
872,1.0
873,0.0
880,1.0
888,1.0
890,1.0
904,1.0
906,1.0
916,1.0
918,1.0
920,1.0
926,1.0
933,1.0
936,1.0
938,1.0
940,1.0
942,1.0
945,1.0
949,
951,1.0
956,1.0
960,1.0
961,1.0
965,1.0
966,1.0
967,1.0
969,1.0
973,1.0
984,1.0
988,1.0
992,1.0
1001,
1004,1.0
1006,1.0
1009,1.0
1010,1.0
1014,1.0
1023,1.0
1034,1.0
1038,1.0
1042,1.0
1048,1.0
1050,1.0
1058,1.0
1069,1.0
1070,
1071,1.0
1073,1.0
1074,1.0
1076,1.0
1088,1.0
1094,1.0
1100,1.0
1107,1.0
1110,1.0
1114,
1126,1.0
1128,1.0
1131,1.0
1134,1.0
1137,1.0
1144,1.0
1162,1.0
1164,1.0
1179,1.0
1180,
1185,1.0
1193,0.0
1197,1.0
1198,1.0
1200,1.0
1206,1.0
1208,1.0
1213,
1214,
1218,
1223,1.0
1227,1.0
1235,1.0
1242,1.0
1247,1.0
1248,1.0
1256,1.0
1263,1.0
1264,1.0
1266,1.0
1270,1.0
1282,1.0
1283,1.0
1287,1.0
1289,1.0
1292,1.0
1296,1.0
1297,0.0
1299,1.0
1303,1.0
1306,1.0
